2999
2997
2989
2972
3000
2984
2960
2996
2995
2983
2980
2992
2977
2979
2976
2991
2994
2987
2990
2966
2981
2969
2965
2971
2967
2956
2998
2952
2988
2975
2962
2978
2974
2973
2951
2941
2961
2968
2964
2946
2963
2945
2943
2935
2938
2937
2934
2933
2993
2986
2953
2947
2982
2958
2949
2940
2970
2925
2923
2922
2954
2959
2944
2950
2931
2936
2930
2929
2926
2985
2921
2907
2955
2919
2942
2901
2948
2916
2911
2892
2920
2918
2893
2909
2908
2904
2889
2905
2903
2957
2927
2898
2932
2914
2928
2913
2917
2906
2924
2899
2900
2902
2896
2894
2891
2873
2939
2910
2915
2878
2890
2875
2886
2879
2881
2872
2869
2866
2877
2874
2870
2888
2864
2885
2884
2883
2871
2863
2861
2859
2897
2862
2860
2858
2887
2912
2867
2865
2857
2876
2853
2852
2868
2882
2851
2895
2850
2848
2841
2849
2847
2839
2843
2846
2838
2834
2845
2856
2830
2826
2832
2842
2829
2825
2855
2821
2835
2824
2820
2817
2823
2822
2816
2815
2880
2814
2854
2833
2819
2827
2813
2812
2811
2807
2806
2818
2802
2809
2800
2799
2797
2836
2810
2808
2796
2801
2798
2794
2789
2844
2795
2840
2793
2805
2804
2837
2790
2792
2803
2788
2831
2787
2783
2785
2775
2828
2771
2784
2772
2782
2770
2781
2777
2767
2779
2773
2776
2764
2765
2791
2763
2786
2774
2761
2780
2757
2760
2778
2756
2755
2753
2769
2741
2759
2752
2739
2736
2750
2744
2748
2743
2747
2732
2734
2730
2745
2758
2725
2746
2751
2722
2738
2733
2721
2735
2731
2723
2740
2762
2749
2737
2754
2720
2727
2726
2768
2718
2715
2728
2716
2742
2766
2709
2701
2697
2719
2706
2700
2696
2705
2717
2699
2724
2711
2690
2713
2685
2694
2712
2693
2703
2707
2689
2686
2687
2683
2682
2698
2692
2695
2670
2688
2669
2684
2664
2729
2702
2679
2714
2708
2677
2673
2704
2672
2671
2691
2681
2676
2666
2661
2660
2678
2680
2663
2674
2655
2657
2652
2665
2667
2653
2659
2658
2656
2710
2633
2647
2620
2648
2645
2651
2628
2639
2618
2646
2638
2650
2635
2614
2626
2634
2621
2668
2662
2649
2642
2643
2644
2632
2630
2622
2625
2608
2623
2640
2637
2619
2615
2641
2629
2636
2606
2624
2605
2617
2613
2675
2654
2599
2598
2612
2631
2610
2616
2607
2611
2602
2600
2597
2601
2591
2587
2595
2596
2589
2582
2594
2583
2627
2581
2576
2580
2571
2568
2592
2585
2588
2604
2575
2577
2603
2574
2569
2579
2563
2578
2567
2561
2586
2559
2572
2553
2564
2556
2609
2565
2555
2546
2584
2560
2593
2549
2551
2532
2545
2544
2566
2547
2543
2539
2558
2557
2538
2534
2542
2533
2531
2552
2530
2540
2527
2573
2522
2554
2526
2536
2525
2570
2535
2520
2537
2521
2529
2518
2515
2548
2512
2513
2517
2541
2506
2516
2528
2523
2510
2492
2514
2524
2505
2503
2486
2508
2500
2494
2485
2495
2487
2519
2481
2498
2497
2490
2550
2511
2509
2501
2499
2493
2489
2562
2488
2483
2507
2502
2480
2496
2484
2479
2476
2504
2475
2473
2482
2474
2471
2465
2470
2477
2478
2460
2466
2469
2472
2458
2463
2455
2464
2452
2457
2454
2468
2461
2450
2453
2462
2446
2459
2438
2491
2447
2437
2467
2456
2451
2441
2433
2432
2424
2439
2436
2431
2427
2444
2448
2434
2435
2429
2416
2425
2412
2440
2423
2422
2428
2418
2408
2590
2421
2414
2420
2407
2443
2419
2449
2413
2409
2396
2405
2415
2403
2400
2395
2417
2399
2398
2394
2401
2385
2392
2382
2384
2381
2410
2406
2404
2393
2390
2388
2380
2387
2445
2442
2391
2373
2379
2376
2430
2375
2368
2369
2411
2366
2383
2402
2364
2426
2367
2397
2363
2386
2362
2374
2372
2361
2358
2365
2377
2357
2360
2352
2351
2353
2350
2345
2389
2378
2346
2344
2370
2354
2348
2359
2343
2339
2356
2355
2342
2332
2341
2330
2340
2349
2333
2338
2327
2337
2334
2321
2331
2329
2319
2328
2326
2323
2325
2315
2306
2299
2347
2320
2318
2313
2317
2314
2310
2309
2316
2304
2311
2302
2307
2296
2301
2295
2371
2324
2308
2305
2336
2335
2293
2290
2300
2288
2322
2312
2287
2294
2298
2286
2282
2289
2303
2280
2276
2284
2297
2292
2291
2275
2277
2279
2278
2271
2273
2281
2274
2270
2266
2272
2264
2269
2265
2263
2267
2262
2268
2253
2252
2261
2285
2260
2256
2258
2255
2243
2283
2259
2251
2240
2250
2244
2242
2233
2257
2249
2221
2215
2235
2230
2228
2227
2247
2254
2239
2218
2238
2245
2246
2216
2236
2237
2229
2223
2234
2213
2212
2214
2225
2207
2210
2222
2248
2232
2209
2224
2220
2203
2219
2205
2208
2204
2200
2199
2201
2197
2191
2192
2202
2193
2186
2183
2241
2226
2231
2198
2196
2189
2194
2179
2182
2180
2188
2195
2175
2187
2190
2174
2184
2171
2178
2165
2217
2170
2211
2177
2169
2172
2206
2164
2167
2185
2163
2166
2168
2162
2161
2159
2181
2155
2160
2158
2149
2153
2146
2156
2152
2141
2154
2173
2131
2151
2176
2147
2143
2144
2139
2138
2148
2130
2126
2122
2132
2119
2117
2112
2145
2140
2157
2137
2142
2136
2133
2108
2125
2124
2121
2106
2150
2134
2114
2113
2118
2116
2111
2100
2128
2115
2127
2123
2105
2107
2097
2096
2103
2099
2095
2081
2086
2092
2110
2079
2083
2101
2098
2109
2091
2094
2093
2090
2082
2078
2072
2071
2135
2084
2120
2074
2089
2073
2088
2129
2080
2104
2066
2065
2085
2077
2068
2076
2064
2075
2063
2067
2069
2054
2053
2048
2070
2060
2057
2055
2056
2047
2044
2062
2041
2058
2102
2087
2049
2034
2052
2051
2040
2032
2050
2042
2030
2031
2039
2029
2026
2037
2027
2021
2035
2059
2019
2024
2045
2018
2036
2061
2017
2028
2009
2023
2007
2011
2006
2020
2001
2025
2015
2012
2016
1998
2013
2003
2033
2010
1996
1992
2046
2038
2022
2002
2008
1999
1989
1997
1987
1986
2014
1976
1984
2005
1993
1988
2043
1995
1978
2000
1968
1975
1962
1994
1966
1957
1991
1985
1965
1955
1982
1983
2004
1963
1950
1981
1974
1990
1970
1964
1973
1972
1977
1969
1971
1959
1960
1958
1951
1948
1980
1956
1967
1946
1954
1945
1961
1949
1941
1940
1947
1944
1937
1939
1943
1933
1942
1934
1932
1930
1924
1917
1953
1938
1931
1925
1952
1936
1929
1920
1926
1921
1935
1913
1923
1928
1907
1919
1914
1915
1922
1911
1905
1916
1910
1918
1927
1979
1899
1904
1909
1908
1902
1896
1901
1906
1900
1891
1895
1898
1897
1892
1885
1887
1889
1912
1888
1903
1886
1883
1876
1881
1879
1875
1890
1877
1874
1873
1884
1878
1869
1867
1864
1862
1894
1860
1871
1854
1866
1857
1872
1851
1850
1849
1893
1882
1880
1859
1848
1853
1861
1842
1845
1852
1839
1836
1840
1829
1824
1837
1858
1844
1865
1870
1841
1863
1847
1826
1855
1834
1828
1827
1833
1822
1825
1823
1800
1820
1794
1817
1838
1813
1821
1810
1816
1803
1811
1809
1846
1843
1819
1807
1804
1799
1793
1798
1785
1796
1795
1792
1868
1832
1806
1831
1787
1818
1814
1801
1812
1790
1784
1779
1805
1856
1788
1835
1815
1791
1783
1797
1830
1808
1774
1780
1781
1778
1786
1802
1773
1775
1776
1782
1789
1772
1770
1769
1767
1765
1766
1771
1753
1758
1763
1750
1755
1777
1757
1749
1751
1764
1756
1745
1743
1742
1738
1736
1754
1739
1729
1728
1752
1759
1734
1741
1733
1726
1730
1717
1760
1748
1727
1725
1722
1721
1761
1716
1746
1710
1737
1732
1724
1735
1747
1744
1731
1705
1718
1709
1701
1707
1768
1693
1740
1691
1720
1692
1719
1723
1683
1714
1712
1673
1704
1706
1697
1666
1700
1696
1698
1695
1708
1682
1690
1680
1685
1684
1762
1687
1679
1672
1678
1665
1676
1668
1713
1674
1677
1667
1658
1664
1656
1662
1694
1669
1657
1653
1688
1702
1686
1681
1671
1652
1649
1675
1659
1711
1644
1643
1670
1642
1640
1655
1638
1639
1651
1635
1715
1689
1650
1699
1648
1663
1646
1637
1636
1632
1661
1633
1629
1630
1631
1622
1628
1620
1627
1703
1614
1623
1647
1621
1616
1613
1611
1610
1660
1654
1634
1618
1645
1641
1624
1609
1608
1592
1591
1587
1626
1604
1607
1615
1599
1596
1588
1606
1593
1580
1602
1581
1625
1617
1612
1601
1619
1582
1586
1600
1605
1576
1598
1603
1561
1583
1575
1557
1589
1597
1574
1585
1572
1569
1568
1566
1563
1560
1590
1578
1558
1554
1577
1564
1573
1571
1570
1559
1567
1562
1549
1565
1594
1539
1538
1547
1526
1531
1540
1534
1579
1529
1521
1515
1555
1595
1546
1553
1542
1552
1545
1535
1548
1519
1525
1508
1544
1551
1536
1541
1584
1543
1527
1530
1550
1522
1520
1517
1528
1533
1516
1518
1509
1524
1505
1503
1514
1532
1513
1500
1506
1496
1501
1556
1489
1512
1511
1510
1490
1494
1493
1492
1487
1486
1504
1481
1502
1478
1491
1488
1537
1497
1482
1470
1483
1523
1498
1476
1507
1485
1460
1495
1472
1459
1479
1469
1475
1484
1464
1471
1468
1462
1451
1455
1499
1467
1474
1466
1454
1448
1457
1442
1453
1440
1452
1438
1456
1441
1465
1431
1461
1477
1427
1480
1434
1437
1450
1422
1425
1447
1424
1429
1439
1430
1421
1416
1445
1443
1435
1415
1458
1446
1432
1426
1473
1428
1463
1411
1414
1396
1392
1409
1423
1417
1405
1402
1449
1436
1395
1371
1433
1418
1386
1385
1408
1444
1407
1412
1406
1403
1419
1397
1404
1398
1413
1375
1383
1401
1364
1390
1391
1354
1372
1370
1410
1400
1393
1387
1381
1384
1394
1366
1362
1365
1361
1388
1353
1373
1359
1349
1389
1377
1376
1368
1420
1360
1346
1337
1351
1347
1341
1335
1369
1344
1340
1329
1380
1357
1352
1355
1339
1332
1326
1327
1378
1358
1350
1343
1399
1379
1345
1338
1328
1382
1363
1342
1323
1325
1356
1336
1321
1334
1367
1333
1331
1319
1317
1318
1314
1316
1312
1311
1324
1310
1313
1306
1302
1322
1305
1296
1299
1295
1290
1289
1374
1308
1303
1284
1307
1298
1287
1279
1309
1304
1301
1291
1278
1348
1293
1300
1275
1276
1266
1273
1292
1274
1264
1261
1286
1255
1259
1253
1297
1315
1294
1271
1288
1267
1277
1258
1330
1272
1283
1282
1270
1262
1269
1249
1242
1248
1245
1241
1260
1257
1285
1263
1256
1250
1244
1254
1243
1234
1226
1233
1252
1240
1236
1235
1265
1231
1225
1208
1280
1251
1223
1229
1221
1227
1218
1207
1247
1239
1220
1214
1320
1237
1198
1232
1196
1268
1212
1194
1246
1213
1216
1191
1210
1202
1206
1201
1195
1203
1238
1188
1215
1190
1211
1197
1200
1193
1199
1184
1281
1205
1224
1217
1209
1181
1186
1204
1170
1219
1175
1163
1192
1172
1182
1177
1222
1189
1173
1167
1230
1165
1187
1162
1176
1155
1171
1152
1174
1160
1150
1133
1159
1158
1143
1137
1164
1180
1148
1157
1146
1136
1141
1132
1185
1145
1131
1183
1154
1129
1228
1168
1134
1178
1156
1144
1126
1138
1151
1142
1119
1130
1135
1125
1153
1127
1113
1123
1112
1121
1179
1115
1169
1109
1161
1116
1166
1139
1122
1118
1147
1108
1104
1114
1103
1099
1098
1089
1124
1111
1117
1106
1110
1101
1096
1095
1149
1120
1102
1105
1094
1093
1083
1092
1087
1086
1077
1072
1097
1085
1090
1084
1107
1074
1082
1100
1071
1079
1128
1140
1080
1091
1067
1064
1063
1081
1058
1075
1057
1088
1056
1076
1051
1069
1050
1068
1054
1053
1047
1046
1031
1042
1022
1039
1052
1045
1043
1041
1044
1036
1021
1017
1070
1038
1033
1030
1040
1035
1034
1023
1032
1016
1062
1014
1048
1013
1073
1028
1061
1025
1029
1078
1060
1019
1066
1037
1012
1010
1065
1059
1008
1004
1027
1020
1024
1055
1003
991
1011
1009
1015
1001
989
998
1007
996
988
984
995
992
980
987
979
1018
977
1006
990
1002
982
986
974
972
1000
969
962
957
983
978
973
968
994
993
1049
981
965
971
960
954
1026
967
966
999
997
985
953
961
975
958
963
959
946
955
944
976
937
951
964
941
945
939
943
938
1005
970
952
929
950
936
928
924
940
913
904
918
934
903
906
901
917
948
914
930
902
927
890
925
932
926
923
916
931
915
899
893
949
912
894
878
911
905
900
892
933
909
891
883
920
887
880
874
884
869
922
919
868
921
898
882
864
910
885
935
872
889
907
881
873
867
875
856
857
865
942
849
860
877
895
956
870
886
896
863
871
858
876
861
852
866
844
842
859
855
848
846
845
836
843
834
897
851
838
833
888
854
862
908
837
947
850
847
835
826
831
829
822
825
821
828
815
841
879
832
827
811
853
830
824
796
814
823
819
816
793
813
817
804
806
820
802
798
797
790
810
800
792
789
805
791
778
774
803
784
781
839
768
808
801
809
799
840
782
788
779
773
775
764
786
785
777
763
795
780
794
765
771
787
818
761
769
759
807
760
766
756
776
754
762
767
753
748
812
750
747
770
746
744
731
721
741
783
738
772
740
743
734
717
727
723
714
758
716
752
751
745
739
720
708
706
749
742
732
704
733
737
729
736
757
709
703
724
735
702
700
715
722
699
719
718
692
690
689
684
755
707
696
694
698
726
682
701
711
673
681
687
686
669
672
675
679
665
674
693
664
691
668
659
725
680
676
662
730
728
685
688
667
660
661
695
653
671
710
657
683
656
663
646
666
654
652
641
677
645
697
640
647
713
639
678
630
670
628
643
650
649
642
633
638
626
629
622
705
625
612
637
658
613
624
655
611
648
651
618
644
614
634
616
632
636
607
631
627
609
619
604
635
623
620
603
615
608
602
596
591
587
592
617
575
581
590
598
572
588
583
577
571
586
578
582
605
610
597
570
579
601
569
567
599
558
580
621
565
606
568
594
584
564
585
566
576
561
563
556
589
573
560
554
562
549
545
539
593
559
546
538
542
712
574
540
543
600
555
553
528
529
595
535
533
521
509
514
531
532
550
508
524
530
517
506
557
537
551
523
547
513
519
520
507
505
515
510
518
502
544
501
504
499
503
500
536
512
496
492
490
484
477
468
527
493
497
552
534
485
489
495
548
526
476
486
465
516
491
541
478
464
483
482
474
522
525
475
466
498
511
461
487
494
460
462
488
472
469
481
463
459
471
449
446
448
443
441
480
479
458
457
431
456
429
422
454
421
442
435
473
470
440
434
420
430
425
418
436
424
417
416
433
447
428
444
419
445
415
413
438
426
404
409
450
437
467
432
452
439
412
408
427
397
398
396
455
393
453
394
414
390
411
389
403
388
400
386
402
385
399
451
383
395
423
368
392
381
377
382
372
367
365
359
405
391
410
375
361
374
354
352
378
407
371
406
369
387
358
380
379
362
350
348
346
343
363
356
355
337
357
384
353
344
326
342
373
338
345
339
317
370
318
336
315
360
331
364
313
347
334
311
401
376
366
349
332
322
330
312
341
324
310
307
299
293
292
289
323
321
300
298
328
320
340
288
319
327
309
285
329
305
304
277
306
302
290
274
296
301
335
333
282
295
325
316
284
308
269
297
291
283
272
294
268
266
281
260
263
280
303
255
270
278
261
253
273
265
262
256
286
276
267
258
275
314
252
257
250
239
254
241
259
244
264
243
245
231
235
225
351
251
237
247
234
230
223
246
215
208
227
232
242
196
216
287
228
224
194
210
248
221
217
193
204
229
214
271
219
238
209
203
233
212
207
206
236
226
202
199
279
213
211
197
249
181
174
167
240
220
190
188
192
185
175
164
189
200
168
183
162
205
180
195
157
201
173
198
177
151
176
191
171
182
147
148
163
166
134
187
146
130
161
218
142
179
172
156
170
149
160
150
140
136
132
121
178
159
155
143
153
144
138
137
158
169
154
135
133
141
125
126
165
122
120
222
127
139
115
117
129
131
145
109
124
99
116
123
104
92
118
91
110
98
96
84
94
119
93
106
88
184
81
73
90
75
89
83
111
108
86
72
114
107
101
103
60
79
58
53
87
80
74
70
102
95
105
68
100
65
128
76
97
46
69
78
67
85
66
63
55
45
50
26
54
51
48
42
186
77
49
38
52
44
37
30
56
33
31
22
152
28
18
11
47
35
19
10
82
62
40
29
59
41
34
21
39
32
27
71
25
57
16
64
9
113
43
61
23
36
20
24
15
14
13
12
112
8
6
5
17
7
4
3
2
1
